<html>
<head><meta charset="utf-8" /></head>
<body>
<div>
    <script src="https://cdnjs.cloudflare.com/ajax/libs/mathjax/2.7.5/MathJax.js?config=TeX-AMS-MML_SVG"></script>
    <script type="text/javascript">
window.PlotlyConfig = {MathJaxConfig: 'local'};
</script>
<script src="https://cdn.plot.ly/plotly-2.3.0.min.js"></script>

    <div
        id=a162f4b5-5ae3-488e-b27c-b93f61eecd4a
        class="plotly-graph-div"
        style="height:800; width:100%;">
    </div>
    <script type="text/javascript">
        
        window.PLOTLYENV = window.PLOTLYENV || {}
        
        if (document.getElementById('a162f4b5-5ae3-488e-b27c-b93f61eecd4a')) {
    Plotly.newPlot(
        'a162f4b5-5ae3-488e-b27c-b93f61eecd4a',
        [{"y":[-2.0,-1.9493670886075949,-1.8987341772151898,-1.8481012658227849,-1.7974683544303798,-1.7468354430379747,-1.6962025316455696,-1.6455696202531647,-1.5949367088607596,-1.5443037974683544,-1.4936708860759493,-1.4430379746835442,-1.3924050632911393,-1.3417721518987342,-1.2911392405063291,-1.240506329113924,-1.1898734177215189,-1.139240506329114,-1.0886075949367089,-1.0379746835443038,-0.9873417721518988,-0.9367088607594937,-0.8860759493670886,-0.8354430379746836,-0.7848101265822784,-0.7341772151898734,-0.6835443037974683,-0.6329113924050633,-0.5822784810126582,-0.5316455696202531,-0.4810126582278481,-0.43037974683544306,-0.379746835443038,-0.3291139240506329,-0.27848101265822783,-0.22784810126582278,-0.17721518987341772,-0.12658227848101267,-0.0759493670886076,-0.02531645569620253,0.02531645569620253,0.0759493670886076,0.12658227848101267,0.17721518987341772,0.22784810126582278,0.27848101265822783,0.3291139240506329,0.379746835443038,0.43037974683544306,0.4810126582278481,0.5316455696202531,0.5822784810126582,0.6329113924050633,0.6835443037974683,0.7341772151898734,0.7848101265822784,0.8354430379746836,0.8860759493670886,0.9367088607594937,0.9873417721518988,1.0379746835443038,1.0886075949367089,1.139240506329114,1.1898734177215189,1.240506329113924,1.2911392405063291,1.3417721518987342,1.3924050632911393,1.4430379746835442,1.4936708860759493,1.5443037974683544,1.5949367088607596,1.6455696202531647,1.6962025316455696,1.7468354430379747,1.7974683544303798,1.8481012658227849,1.8987341772151898,1.9493670886075949,2.0],"type":"surface","z":[[37.99365379624591,35.63287253477466,29.54873140893612,19.94131818190073,7.3284645003964295,-7.484191829647005,-23.459050617899063,-39.404141266459646,-54.06631913537683,-66.23244404609137,-74.8300848956649,-79.0191865369193,-78.2667709797919,-72.39807674281127,-61.61945816907059,-46.51070856688439,-27.987036556338534,-7.2334925268168995,14.383011242848587,35.417022091074834,54.45481794737775,70.22261876964579,81.68387835226585,88.11769952070483,89.17199570875417,84.88714244386296,75.68834001238025,62.34752934887056,45.91824080499523,27.648991619456993,8.882591409405006,-9.050181606754146,-24.933698536548075,-37.758941908443376,-46.795964882087276,-51.64171905479003,-52.23980125325338,-48.87111476610556,-42.116935930616066,-32.79820475925668,-21.896817311876774,-10.46612139946641,0.46141131666630225,9.961302878593512,17.2915865114474,21.948615642567027,23.699850749161826,22.59145045206844,18.930782407436165,13.246200637476063,6.228410076955669,-1.340716644739179,-8.665022479271714,-15.009459429850835,-19.767120492203784,-22.511976253118277,-23.032843631950623,-21.34595615504597,-17.685552099069408,-12.47395695033506,-6.27451951775586,0.267704697836738,6.491580485311579,11.785414600445689,15.646094191786087,17.726290849881835,17.865418563502235,16.10166234550096,12.664253305715274,7.947077077554846,2.4664843035111277,-3.192343099695428,-8.435065814966164,-12.717976925492776,-15.602038131885498,-16.795912193538392,-16.183861617714783,-13.835893845293901,-9.999286096359318,-5.072449003754793],[35.63287253477466,33.41878124932947,27.71268553178608,18.702240452095264,6.873101566347621,-7.019152591161532,-22.001394362787483,-36.95571767379598,-50.70684352989732,-62.11701167299055,-70.1804277933663,-74.10923457827161,-73.403571264496,-67.89953538488918,-57.79065920786284,-43.62070988891306,-26.248028462496208,-6.78403079028897,13.489305583273348,33.21634293191525,51.071202502113564,65.85925210288947,76.60835257071072,82.64240054187935,83.63118677139363,79.6125780048641,70.98535419871398,58.473490811403394,43.06505582222139,25.930988353336815,8.330660935303015,-8.487837714673725,-23.38441326380413,-35.41274475171605,-43.88824146073489,-48.432898884228884,-48.99381852774229,-45.83444941705106,-39.49994958682283,-30.760248956932635,-20.536232297522464,-9.81579638959371,0.4327409709275564,9.342345373170676,16.21715303799801,20.584812076790293,22.227232088994562,21.187703574163024,17.754495530366164,12.423132068752833,5.841400344296354,-1.2574096074950905,-8.126610911671625,-14.076828660595735,-18.538866744841112,-21.11316759991371,-21.60167025925228,-20.01959955956637,-16.586639101173375,-11.698872669610793,-5.8846447196726785,0.25107054525825556,6.088218343590683,11.053113724709673,14.67390535779633,16.6248465008278,16.75532934704409,15.101166237712773,11.877344732641628,7.453275908844587,2.313226342150818,-2.993983031185969,-7.9109428805929385,-11.927730170849406,-14.632586774033872,-15.752278038516959,-15.17825795952911,-12.976183981619176,-9.377968458130283,-4.7572662992417545],[29.54873140893612,27.71268553178608,22.980878137172486,15.508923096923647,5.699552623273468,-5.820666140013226,-18.24476238938169,-30.645707120630732,-42.04889455930476,-51.51083152388783,-58.197458232047374,-61.45544020730007,-60.8702655008953,-56.306017201437285,-47.92318287592413,-36.17268406067243,-21.766304198335263,-5.625690252633154,11.186071714656592,27.544812580698228,42.35104099434019,54.6141024494308,63.52784585592567,68.53160923859132,69.35156498839112,66.01911428675622,58.86494733589011,48.48942427649777,35.71190524591558,21.50339715871144,6.908240759875692,-7.038580362241856,-19.39163748343258,-29.366189383145308,-36.39453590692644,-40.163214994513254,-40.62836031424572,-38.00843824137895,-32.75552370549085,-25.508084806055837,-17.029769680196452,-8.139796498243323,0.3588525372772466,7.747184959391969,13.448152373058354,17.07005469645748,18.432039413067766,17.570005378435546,14.72300104954938,10.301942185521863,4.8440094089307895,-1.042712981577004,-6.739031293633901,-11.673278060185103,-15.373444662221987,-17.50819606229784,-17.91328924863188,-16.601349490495785,-13.754550472999894,-9.701346585636951,-4.879870015781814,0.20820146058365624,5.048684425263576,9.165847866043704,12.168406791075299,13.786234143439899,13.894437672991321,12.522714936450772,9.849345404686698,6.180664995004611,1.91825410105749,-2.4827748687700932,-6.560187538682094,-9.89112777233248,-12.13414315620828,-13.06265253761878,-12.586643618584953,-10.760563151668713,-7.776725574406991,-3.9449860232259577],[19.94131818190073,18.702240452095264,15.508923096923647,10.4663840167722,3.846411907917346,-3.928146827092458,-12.312698197588542,-20.68162548653526,-28.377204219017962,-34.76270662914097,-39.27525740181746,-41.473945876807754,-41.079033660410914,-37.998795583822414,-32.34153861946207,-24.41157261083273,-14.689253208744528,-3.79656499522848,7.5490555645332265,18.588949364046552,28.581111389013973,36.85698648415293,42.872533852354934,46.249383989836765,46.80274102826759,44.55379643409449,39.725720483242824,32.72367346580574,24.100610463951302,14.51182721854399,4.662109691389177,-4.75007094585102,-13.086680702923768,-19.818127491664786,-24.561292008060573,-27.104630595798266,-27.418539531286505,-25.65045348577115,-22.105460684124257,-17.21443903255477,-11.492745697183558,-5.493239952030671,0.2421759678002235,5.228281314390045,9.075648010687148,11.51993252683477,12.439084358327541,11.857330281297012,9.935995033368279,6.952390076242321,3.269038239333592,-0.7036874460112081,-4.547916639950876,-7.8778526496590855,-10.374954759259145,-11.815617517975642,-12.088999546131479,-11.203621159140356,-9.282424468082414,-6.547070883678521,-3.2932392028712707,0.14050726963457938,3.407165645484893,6.1856831068015765,8.211996252206305,9.303806575648075,9.376829034085565,8.451105382259676,6.646949673748137,4.171096401243452,1.2945569423449106,-1.6755305988262668,-4.427221772445961,-6.675147009061343,-8.18887302449491,-8.815488791965288,-8.49424842531437,-7.261895972934023,-5.248217155125509,-2.662321452098252],[7.3284645003964295,6.873101566347621,5.699552623273468,3.846411907917346,1.4135621759778556,-1.4435998820188354,-4.524935153335087,-7.60052855112315,-10.428665339101011,-12.775347103211045,-14.43371631642642,-15.241737646281218,-15.096606811286374,-13.964614673598284,-11.885564208892067,-8.971289743509095,-5.398322703427114,-1.395243360402952,2.774289302821239,6.831466920663575,10.50360153153629,13.544998107791104,15.75572083615788,16.99671835347123,17.20007789947484,16.373587370041587,14.599262178081704,12.025999341125992,8.85701068564541,5.333118384496359,1.7133323413549362,-1.745658235002179,-4.8093748910965175,-7.283191735981445,-9.026311847744955,-9.960992613715637,-10.076354620835646,-9.426580333097434,-8.123790133169244,-6.326332301282784,-4.223601373069591,-2.018773965361753,0.08900003333199519,1.9214012665105251,3.335314328657621,4.233592573960115,4.57138225797824,4.357586757470722,3.6514931567685447,2.5550138361913386,1.2013764821795339,-0.25860619746533864,-1.671366222765189,-2.8951227273821933,-3.8128115179195494,-4.342257254053463,-4.442725561620254,-4.117347669381826,-3.4113049885385873,-2.4060584217629617,-1.2102703727710917,0.051636633454814916,1.252138512215763,2.2732478688415583,3.017921005157252,3.419162945310011,3.445998808892818,3.1057939709929427,2.4427640277159357,1.5328842168512224,0.47575162831147144,-0.6157600215200956,-1.6270106769671873,-2.4531265909609354,-3.0094231841069186,-3.2397054234958516,-3.121649104368848,-2.6687577199144914,-1.9287277180410973,-0.9784071480316867],[-7.484191829647005,-7.019152591161532,-5.820666140013226,-3.928146827092458,-1.4435998820188354,1.4742758788966368,4.621088456175375,7.762037147104632,10.650270861078827,13.046818798888156,14.740427782791025,15.565619285697624,15.417404470787966,14.261357892729006,12.138128326625989,9.161926539472859,5.513035188831386,1.4248917979656086,-2.833241988431359,-6.976633223694864,-10.726799421616802,-13.832824620414083,-16.09052444011882,-17.357892724318923,-17.565573590153587,-16.721520423582287,-14.909491436598085,-12.281547656719447,-9.04521909125954,-5.446445300735066,-1.7497400594551475,1.7827528671323418,4.911572439725528,7.437957034688003,9.21811784434303,10.172660252459707,10.290473662225496,9.626891896203166,8.296417856311272,6.4607646688240505,4.313351437576502,2.0616722120503157,-0.09089125317665078,-1.962230377115642,-3.406188601513133,-4.323554948021178,-4.668522545685154,-4.4501839649323784,-3.729086120076146,-2.609306994176456,-1.2269053158095733,0.2641014894813873,1.7068821753984815,2.9566430813613227,3.8938324404592337,4.4345287148835055,4.5371319391454445,4.204839879532292,3.4837940365643427,2.457186328846599,1.2359881984919565,-0.05273389400905165,-1.2787460213806914,-2.321553597731984,-3.0820507799548142,-3.491818972192158,-3.519225088569893,-3.1717910158417113,-2.4946719161972135,-1.565457474881972,-0.48586118543077667,0.628844708442631,1.661584089633997,2.5052546803176146,3.0733723831540565,3.3085480402721656,3.1879830653035723,2.7254678959843432,1.969712513200554,0.9991979606329356],[-23.459050617899063,-22.001394362787483,-18.24476238938169,-12.312698197588542,-4.524935153335087,4.621088456175375,14.484709968787662,24.329951246122555,33.38306244832953,40.89499435239757,46.20357806920215,48.79012444278156,48.325548049707976,44.701943015440264,38.04672211806519,28.71787673794885,17.28049928393593,4.466295035502984,-8.88074073089373,-21.868118250102825,-33.62293970110967,-43.3587139861058,-50.43542922216797,-54.40796993294935,-55.058941481364926,-52.41327359771208,-46.7335047336412,-38.49626715924385,-28.352059559896748,-17.071774602494205,-5.484525458089445,5.588003447960102,15.39522624481334,23.314128571545982,28.894007266834205,31.88600148326205,32.255285275830644,30.175301412166508,26.004956963753745,20.251138512496656,13.520114397130223,6.462270593922688,-0.2848968275437559,-6.1505721377141835,-10.676630508116759,-13.552097097928149,-14.63339118008638,-13.949013235973583,-11.688746365751182,-8.178820939830267,-3.8457103401508794,0.8278208724506487,5.350188271878012,9.267539005342105,12.20514043433584,13.899942165684125,14.221549933938512,13.1799870740033,10.919883202666716,7.702001736203586,3.8741804554889727,-0.16529334322201822,-4.008204001957223,-7.276863634844723,-9.660626945381946,-10.945037203978195,-11.030941131346614,-9.941915932095721,-7.819499565109614,-4.906895357485344,-1.5229222341873907,1.9711012467259867,5.20820232188759,7.852671029020298,9.633424683004769,10.370578108519199,9.992669589481764,8.542924979031593,6.174024744641048,3.131966158715512],[-39.404141266459646,-36.95571767379598,-30.645707120630732,-20.68162548653526,-7.60052855112315,7.762037147104632,24.329951246122555,40.86699208436032,56.07349291524007,68.69127659085376,77.60809876362286,81.95271783439667,81.17236938296503,75.08580403171439,63.90703688247723,48.237385659226454,29.026035453439338,7.5020308103332916,-14.916970341670131,-36.73185393535194,-56.47641447029852,-72.82958372309199,-84.71633444485988,-91.38900666438086,-92.4824428512077,-88.03851744563096,-78.49821599328124,-64.66213718882656,-47.622922951572626,-28.67544083785625,-9.212351320183364,9.386163184834084,25.85934442363469,39.160715866168125,48.53323191296357,53.55888127503105,54.1791668512378,50.68542026571983,43.68049732780389,34.01581486610581,22.70972113580468,10.854668738841857,-0.4785408847847797,-10.33110918815799,-17.933524405741824,-22.76344244281115,-24.579690911597886,-23.43014203902356,-19.633574287633525,-13.737956448256844,-6.4596353868458944,1.3904897999785537,8.986705297714956,15.566674973636673,20.500960831066205,23.347717416762556,23.887921627883422,22.138409648934445,18.34211568659187,12.937043761537504,6.507456607956978,-0.27764304501548137,-6.732575810097129,-12.222939764894209,-16.226944349911147,-18.384366834655722,-18.528659566041288,-16.699425148461106,-13.134404734243827,-8.242106681783683,-2.5580507852251095,3.3108565747850123,8.74821165522261,13.19012280533041,16.181252740010287,17.419448530076174,16.784676010399366,14.349541598485848,10.370502505963778,5.260760078058502],[-54.06631913537683,-50.70684352989732,-42.04889455930476,-28.377204219017962,-10.428665339101011,10.650270861078827,33.38306244832953,56.07349291524007,76.93829291925717,94.25112088760973,106.48586926104267,112.44710972086312,111.37639565234434,103.02503525868056,87.68667810115059,66.18639065554011,39.82654730243316,10.293516846671078,-20.46753597729528,-50.39968068009158,-77.49114053075569,-99.92928127635662,-116.23906084139969,-125.39461693553706,-126.89491786663412,-120.79741944465397,-107.70719678296916,-88.72274925586078,-65.34328798203818,-39.34549734768146,-12.640243143382548,12.878729948111362,35.48153882571535,53.73231578053096,66.59232052624564,73.48800086691396,74.3390930831225,69.5453325341131,59.93389609856119,46.6730105793779,31.15994895310519,14.893662576592195,-0.6566046959668741,-14.175287886931264,-24.606541916146732,-31.23365981789324,-33.72572958991358,-32.14843658951468,-26.939175911108425,-18.84981409889503,-8.863248813409873,1.9078874164964483,12.330634826330101,21.358994002940303,28.129314717936836,32.03534198096475,32.77655476566248,30.376053956740304,25.167168943569727,17.750883896941907,8.928864185777751,-0.38095329564514885,-9.23774965403616,-16.77106367151733,-22.264947886608816,-25.225141633282945,-25.423125312492004,-22.913237554108402,-18.021682371220322,-11.308973013566098,-3.509894789566323,4.54281764379306,12.00339832345711,18.0981329907784,22.202254548210604,23.901179752165373,23.030210038724963,19.688968483383146,14.22933935522457,7.218275138939886],[-66.23244404609137,-62.11701167299055,-51.51083152388783,-34.76270662914097,-12.775347103211045,13.046818798888156,40.89499435239757,68.69127659085376,94.25112088760973,115.45972040078101,130.44755941072728,137.75021162590295,136.4385630660118,126.20796074597787,107.4181319127747,81.07980135894732,48.78840668166434,12.609787192606326,-25.073187023944488,-61.74073034686851,-94.92837151388053,-122.41559322968116,-142.39543612856596,-153.61119607696287,-155.4490981028503,-147.9795268519626,-131.94371280255342,-108.68734213236242,-80.04698182285117,-48.19910978257844,-15.484579126365558,15.776730769061663,43.465674610826845,65.82328250402958,81.57707448347466,90.02443634621716,91.0670432499154,85.19457990471095,73.42035639365042,57.17547654614776,38.17163085114133,18.245068076033586,-0.80435536358848,-17.3650430956394,-30.14356140184522,-38.2619283007502,-41.314769226003655,-39.38255020196331,-33.00108995237346,-23.091441724713,-10.857677024967751,2.337204540278385,15.105302048448797,26.165242942438475,34.45903647418074,39.244006789863406,40.15200894488005,37.211342037050855,30.83034198573416,21.745227773488136,10.938057316217785,-0.46667626428968234,-11.316448888276728,-20.544926193993348,-27.275056609578844,-30.901359820664222,-31.143894233306955,-28.069225878265573,-22.076961930394635,-13.85374359338756,-4.299699220794734,5.5650527022329985,14.704430050632464,22.1706156405629,27.198255874963913,29.279477054968407,28.21251977483915,24.119424518908335,17.431257347073487,8.84254766913302],[-74.8300848956649,-70.1804277933663,-58.197458232047374,-39.27525740181746,-14.43371631642642,14.740427782791025,46.20357806920215,77.60809876362286,106.48586926104267,130.44755941072728,147.38097145175587,155.63158175453782,154.1496679507587,142.59103001782705,121.36209143622897,91.60477929504584,55.121635121490236,14.246665055608561,-28.327940190474862,-69.75530134689589,-107.2510338656316,-138.30637485694308,-160.87980336103328,-173.55148234246846,-175.6279626325716,-167.18876551568476,-149.07134068000565,-122.79605797408013,-90.43788934132175,-54.455841527090136,-17.49463404661956,17.824709926201233,49.1079586148454,74.36781004880557,92.166603498586,101.71051833424464,102.88846615483621,96.25369769660865,82.95106093598939,64.5974314479615,43.12669445217993,20.61346237059704,-0.9087688218439132,-19.619201250663494,-34.056500424294384,-43.22871342365849,-46.677843965341374,-44.49480337717679,-37.28496507039759,-26.08894431588689,-12.2671132743137,2.640597318828461,17.066122969484308,29.56175600791397,38.93216779062721,44.33827562950743,45.36414564417967,42.04175044146607,34.832432071348514,24.56797818352159,12.357927740015626,-0.5272555615082956,-12.785438363680218,-23.21186532391625,-30.81563470930524,-34.912668739245355,-35.18668657068075,-31.71289517814737,-24.942774787838808,-15.65209957365514,-4.857843649767618,6.287452805865767,16.613213733521103,25.04858569642929,30.728864462879102,33.08024919326915,31.874790071202643,27.250369669711795,19.694010781362188,9.990399755061377],[-79.0191865369193,-74.10923457827161,-61.45544020730007,-41.473945876807754,-15.241737646281218,15.565619285697624,48.79012444278156,81.95271783439667,112.44710972086312,137.75021162590295,155.63158175453782,164.34407373510922,162.77920014909455,150.57349213461723,128.15612537499078,96.73295376961278,58.207427854159434,15.044214972197112,-29.913781245055173,-73.66030890857255,-113.2551094004808,-146.04897547963373,-169.88609874669353,-183.26715753562985,-185.4598823416043,-176.5482461710599,-157.4165804158326,-129.67036753441303,-95.5007395465507,-57.50436212458901,-18.47401019325928,18.82256422117958,51.85709661621122,78.53103284303758,97.32622974414087,107.40442740679076,108.64831853287812,101.64212567393719,87.59478713241496,68.21369363016774,45.540992214415546,21.76743525689009,-0.9596430787476058,-20.71751389154647,-35.9630349688123,-45.64872236264148,-49.29094046306775,-46.98568995193494,-39.372233962158056,-27.54944298570209,-12.953844879957762,2.788421961518893,18.021510416137577,31.21666794318413,41.11164958884654,46.820399543557954,47.903699317506415,44.39531139253426,36.782404446261886,25.94333086251949,13.049743277180706,-0.5567721274878015,-13.501186593929155,-24.511300748325706,-32.54074067593666,-36.867132884516124,-37.15649064973616,-33.48823114662765,-26.33910914917037,-16.528327846073882,-5.12979310478391,6.639433949614113,17.543246634253993,26.450843512898675,32.449112899518106,34.932131713272234,33.65918916132917,28.775886692274902,20.7965113732313,10.549677484988687],[-78.2667709797919,-73.403571264496,-60.8702655008953,-41.079033660410914,-15.096606811286374,15.417404470787966,48.325548049707976,81.17236938296503,111.37639565234434,136.4385630660118,154.1496679507587,162.77920014909455,161.22922718763272,149.13974113137002,126.93583108066443,95.8118688724766,57.65318051022635,14.900964935263849,-29.62894416474975,-72.95892023583893,-112.17670161154118,-144.65830662983416,-168.2684543588084,-181.52209957586587,-183.69394539878795,-174.86716524850954,-155.9176699708443,-128.4356547246863,-94.59138771313965,-56.95680932682624,-18.29810186920378,18.643336988329892,51.36331671348764,77.7832654536482,96.39949571174441,106.38172943143925,107.61377630709,100.67429596107577,86.76071526392137,67.5641672740279,45.10735384719274,21.560167153485917,-0.9505054197386512,-20.520243071127187,-35.6205972878143,-45.214058195950855,-48.8215953324073,-46.538295266776,-38.997334109979164,-27.28711898059541,-12.830499211146789,2.761870788878027,17.84991076554259,30.919424860440447,40.720187134150606,46.37457874292196,47.44756340684876,43.972582123616114,36.43216478236723,25.696300152635594,12.925484470065777,-0.5514705794858993,-13.372629172900707,-24.277905736092166,-32.23088985871034,-36.51608644194065,-36.80268896133156,-33.16935838673624,-26.08830986417073,-16.37094618283849,-5.080947548330593,6.576213691178835,17.376200980297934,26.198980300551522,32.140134556022076,34.599510226053944,33.338688550335846,28.501884569925956,20.598488343927077,10.449224141816474],[-72.39807674281127,-67.89953538488918,-56.306017201437285,-37.998795583822414,-13.964614673598284,14.261357892729006,44.701943015440264,75.08580403171439,103.02503525868056,126.20796074597787,142.59103001782705,150.57349213461723,149.13974113137002,137.956763626032,117.41777417089637,88.62758676083271,53.33015959128069,13.783642654731638,-27.407270628321584,-67.4882257206027,-103.76533170283336,-133.81136149817564,-155.65114440723076,-167.91098867491195,-169.91998251218251,-161.7550627293442,-144.22646155958122,-118.80513621383301,-87.4986212045605,-52.68600455912406,-16.926051334306827,17.245399613735135,47.511930013677514,71.95082601623712,89.17115144956162,98.40488517660833,99.54454921458345,93.12541342609299,80.25511776332743,62.497988688356315,41.725059365709456,19.943516470980168,-0.8792334660192452,-18.98156924128362,-32.94965032777198,-41.823762679177904,-45.160795077322334,-43.04870419495895,-36.07318856157096,-25.241043029070944,-11.868427110363644,2.554776833434808,16.511467041226865,28.600986930554804,37.66685652434859,42.89726366266574,43.88979248518339,40.675376476015636,33.700363881136596,23.769508913778505,11.956290069044133,-0.5101195416038217,-12.369906423797586,-22.457470272922862,-29.814114064862792,-33.777992824737055,-34.043104965352946,-30.682213204027164,-24.132124476224234,-15.143399980096195,-4.699961758039237,6.083108035899673,16.073277539390663,24.234496487308295,29.730163886688988,32.005127658279136,30.838846447301272,26.36472158716026,19.053947431849206,9.665707705220022],[-61.61945816907059,-57.79065920786284,-47.92318287592413,-32.34153861946207,-11.885564208892067,12.138128326625989,38.04672211806519,63.90703688247723,87.68667810115059,107.4181319127747,121.36209143622897,128.15612537499078,126.93583108066443,117.41777417089637,99.93662745395157,75.43272032536515,45.39037065526852,11.731535286467235,-23.326878861846968,-57.440585286105645,-88.31675928321341,-113.8895391057738,-132.47781727463732,-142.91241712865502,-144.62231216022306,-137.67298483486175,-122.75404009024491,-101.11743917183439,-74.4718350505233,-44.84211736120138,-14.406102469640846,14.67790620850952,40.438358527256206,61.2387940868585,75.8953591564808,83.75437551073205,84.72436647836884,79.26091099728457,68.30674369208609,53.19329425440312,35.513036614506674,16.974327692341035,-0.748333273723316,-16.155595071974492,-28.044109614545114,-35.59704498833439,-38.43726032992095,-36.63961733123468,-30.70261578206123,-21.483159015380675,-10.101456844740458,2.1744219087253325,14.053241445504167,24.34287479793378,32.059018614647734,36.51072325055498,37.35548447919903,34.61963041060914,28.683057007620697,20.23070675502935,10.176238774739183,-0.4341729942184314,-10.52827596711259,-19.114004298503993,-25.375391683317456,-28.749128561702037,-28.974770832792004,-26.11424830767739,-20.53933614805804,-12.888852074426085,-4.000231911885515,5.177455507383715,13.680289553778634,20.626467024159723,25.303939999446854,27.240207387565967,26.247562009035807,22.439544419811206,16.21719760461846,8.226678088867986],[-46.51070856688439,-43.62070988891306,-36.17268406067243,-24.41157261083273,-8.971289743509095,9.161926539472859,28.71787673794885,48.237385659226454,66.18639065554011,81.07980135894732,91.60477929504584,96.73295376961278,95.8118688724766,88.62758676083271,75.43272032536515,56.93703540582874,34.260903357792344,8.855027859119977,-17.607257459835346,-43.35647215240067,-66.6619794241397,-85.96445537757516,-99.99499076949698,-107.87108457562321,-109.16172282296085,-103.91633203943717,-92.65542985431186,-76.32400355495993,-56.21175387443721,-33.84707873260292,-10.873805993420099,11.078964962056663,30.523097155834108,46.22338120770722,57.28623775984334,63.21826686454638,63.950421423330056,59.826574943673634,51.558308745566876,40.15059334002556,26.805436876293257,12.812316626528638,-0.5648461028259744,-12.194332706650814,-21.167849378373425,-26.86884686249531,-29.01265714491083,-27.655786245627844,-23.174504569033175,-16.21560750045583,-7.624635616197424,1.6412657089694405,10.607464536583478,18.37413682379885,24.19832494526286,27.558496279103938,28.19612673677953,26.131088921669694,21.65013041218858,15.270249592320647,7.681081431457541,-0.32771618254574514,-7.946801055512955,-14.427356388539689,-19.153486291863015,-21.700001587426872,-21.87031762432288,-19.71117936722287,-15.50320476883236,-9.728576985381771,-3.019397219351827,3.9079721142826567,10.325958381532258,15.568971637058032,19.099554164839105,20.56105952162548,19.811805287931893,16.93749250471927,12.240830639737535,6.2095422198465515],[-27.987036556338534,-26.248028462496208,-21.766304198335263,-14.689253208744528,-5.398322703427114,5.513035188831386,17.28049928393593,29.026035453439338,39.82654730243316,48.78840668166434,55.121635121490236,58.207427854159434,57.65318051022635,53.33015959128069,45.39037065526852,34.260903357792344,20.615922317090323,5.328364070055018,-10.594871017211975,-26.089027849106245,-40.11272484439513,-51.72766507605782,-60.170303750418945,-64.90961072004339,-65.68623057646427,-62.5299049014931,-55.753846423277444,-45.92668534703137,-33.82447739572595,-20.366910309534372,-6.543129855928729,6.666580814471648,18.366760306060538,27.814142150884276,34.47103000063443,38.04052873591696,38.48109042661023,35.99963517178646,31.0243450617426,24.15994419758312,16.129720764985077,7.709596023083359,-0.33988664149811415,-7.3377345939679905,-12.737397313990002,-16.16787665760756,-17.457878435532244,-16.641404194855916,-13.944868322439591,-9.757469062116574,-4.58799623343542,0.9876040338008896,6.382863364218855,11.056327775340783,14.560935012876254,16.582861593945978,16.966544996720614,15.723943226021085,13.027601813979576,9.188615842094013,4.621961553332997,-0.1971977005644202,-4.781853867626191,-8.68141903443017,-11.52528820886135,-13.057610954831398,-13.160095765267785,-11.860870636397749,-9.328792701185417,-5.854007563430079,-1.8168714895965552,2.3515564865303626,6.213471770433025,9.368366807922168,11.492835458578936,12.372271724075606,11.921420591626852,10.191851221114218,7.365713943094028,3.736487584468],[-7.2334925268168995,-6.78403079028897,-5.625690252633154,-3.79656499522848,-1.395243360402952,1.4248917979656086,4.466295035502984,7.5020308103332916,10.293516846671078,12.609787192606326,14.246665055608561,15.044214972197112,14.900964935263849,13.783642654731638,11.731535286467235,8.855027859119977,5.328364070055018,1.3771619443636118,-2.7383363783914003,-6.742935701625318,-10.367481916426058,-13.369464037542373,-15.55153728544312,-16.77645230915632,-16.97717645214622,-16.161396684390372,-14.410065554180148,-11.870150473790813,-8.742229781025454,-5.264004755265912,-1.6911287059484588,1.7230356777441687,4.74704862546931,7.188806466995444,8.909336913871938,9.831904845427408,9.945771838483871,9.304418188723014,8.01851127402334,6.24434728734975,4.168866338466922,1.9926120118323327,-0.08784665272767811,-1.8965011977022719,-3.2920908970255836,-4.178728060110197,-4.512140216892669,-4.301115362353965,-3.604172260066146,-2.5219025744075134,-1.1858074505606389,0.2552548349866295,1.6497064400451407,2.857603882996775,3.763400043698177,4.285984518996184,4.385150824833786,4.06398961135301,3.367096769036988,2.3748775220192138,1.1945860823087873,-0.050967457396454904,-1.2359116388108862,-2.2437881045856676,-2.9788107776394144,-3.3748528919709355,-3.4013409808013324,-3.065544968907902,-2.411107447993306,-1.513019067837347,-0.46958620701865206,0.6077801855678339,1.6059257123039647,2.42133571938458,2.970423082637482,3.1977210190044247,3.081194630413404,2.6341724138586082,1.9037327033460003,0.9657276490987435],[14.383011242848587,13.489305583273348,11.186071714656592,7.5490555645332265,2.774289302821239,-2.833241988431359,-8.88074073089373,-14.916970341670131,-20.46753597729528,-25.073187023944488,-28.327940190474862,-29.913781245055173,-29.62894416474975,-27.407270628321584,-23.326878861846968,-17.607257459835346,-10.594871017211975,-2.7383363783914003,5.444883335551935,13.407592479944094,20.61460745430586,26.583721604735032,30.92253635306331,33.358146328781906,33.757264402745726,32.13517527666709,28.652844266801658,23.60250004902775,17.382970779591943,10.466899536663409,3.3626250529167603,-3.4260685876078636,-9.438988634791507,-14.29415788488522,-17.715245094050776,-19.549670841040943,-19.776082942145464,-18.500821134525726,-15.943935433349647,-12.416203777806977,-8.28933619462638,-3.962091736815731,0.17467349128302936,3.7709858616016314,6.545963821605677,8.308945152919103,8.971898875719855,8.552298959897962,7.166503586685266,5.014528313480377,2.3578488302900835,-0.5075464096760081,-3.2802613933176175,-5.6820337650693435,-7.483110674293768,-8.522212927553015,-8.719394314896155,-8.080800257165981,-6.695104820427503,-4.722185026521612,-2.3753041824124987,0.10134323219867941,2.4574755459112625,4.461528012254278,5.923040460229779,6.710527025254053,6.763195701973737,6.0955019431896575,4.794224284277263,3.008473456310478,0.933720975033346,-1.2085046344894126,-3.1932081894901536,-4.8145620867800245,-5.9063624432045145,-6.35831960803491,-6.126619588856109,-5.237764648773653,-3.7853649221440824,-1.9202441397460452],[35.417022091074834,33.21634293191525,27.544812580698228,18.588949364046552,6.831466920663575,-6.976633223694864,-21.868118250102825,-36.73185393535194,-50.39968068009158,-61.74073034686851,-69.75530134689589,-73.66030890857255,-72.95892023583893,-67.4882257206027,-57.440585286105645,-43.35647215240067,-26.089027849106245,-6.742935701625318,13.407592479944094,33.0151309091421,50.76183250367724,65.46030170184407,76.14428819090628,82.14178418522792,83.12458072232667,79.13031516541251,70.55535181299476,58.11928055445591,42.80418402755727,25.773908248829933,8.280196947101023,-8.436421609082561,-23.24275934651957,-35.198227758739215,-43.62238311930424,-48.13951072969188,-48.697032534487285,-45.55680168506559,-39.26067385523213,-30.573915021065087,-20.411831581610013,-9.756336013394927,0.43011959005261713,9.285752983881041,16.11891566812603,20.460117082977582,22.092587936914306,21.059356492041022,17.646945522037303,12.347877440696537,5.806015353795962,-1.2497926964131851,-8.077382981216445,-13.991556565024132,-18.426565312823225,-20.985272028488676,-21.470815523767044,-19.898328409074413,-16.486163524695975,-11.62800533063724,-5.848997771127691,0.24954965500330728,6.051338223147881,10.986158148803888,14.58501639777217,16.52413947839667,16.653831908958885,15.009689093129099,11.805396277517373,7.408126786769983,2.2992136932451173,-2.9758466161360575,-7.86302138537266,-11.855476499827034,-14.543948106338219,-15.656856705292176,-15.086313822497848,-12.897579174576755,-9.32116027768637,-4.728448582104652],[54.45481794737775,51.071202502113564,42.35104099434019,28.581111389013973,10.50360153153629,-10.726799421616802,-33.62293970110967,-56.47641447029852,-77.49114053075569,-94.92837151388053,-107.2510338656316,-113.2551094004808,-112.17670161154118,-103.76533170283336,-88.31675928321341,-66.6619794241397,-40.11272484439513,-10.367481916426058,20.61460745430586,50.76183250367724,78.04796068271413,100.6473328781822,117.07430795581693,126.29565219167844,127.80673368151699,121.66542108962479,108.48113735564546,89.36027522830678,65.81281855410639,39.628218258252154,12.7310708439388,-12.97127131887481,-35.73649488527693,-54.118414578833196,-67.07082614354229,-74.01605606818691,-74.87326389056557,-70.04505730735059,-60.36455695739599,-47.00838405130213,-31.38385180693142,-15.00068244237704,0.6613227930819862,14.27714580128372,24.783354624219896,31.458092328331198,33.96806911087742,32.379442317710094,27.132749988373494,18.9852612774892,8.926936552644653,-1.9215967277015342,-12.419237806112237,-21.512471138583656,-28.331440653733488,-32.26553505681453,-33.0120738983051,-30.594324056576777,-25.34801009185507,-17.87843460533507,-8.993023410673505,0.38369067272486823,9.304128405605482,16.891573786068715,22.424934842287293,25.40639934998726,25.60580566024275,23.07788285845355,18.15117892847524,11.390234742697684,3.5351154810763266,-4.575460503265911,-12.08964991341574,-18.228178891420292,-22.36179101478833,-24.072924011579193,-23.195695860272632,-19.830445487692707,-14.33158566167685,-7.270142759318336],[70.22261876964579,65.85925210288947,54.6141024494308,36.85698648415293,13.544998107791104,-13.832824620414083,-43.3587139861058,-72.82958372309199,-99.92928127635662,-122.41559322968116,-138.30637485694308,-146.04897547963373,-144.65830662983416,-133.81136149817564,-113.8895391057738,-85.96445537757516,-51.72766507605782,-13.369464037542373,26.583721604735032,65.46030170184407,100.6473328781822,129.79052273604321,150.97405161185253,162.86550521003238,164.81413167488148,156.89455597631948,139.89266403543095,115.23521291673302,84.86941361087469,51.10286597521464,16.41744786048482,-16.7272001838884,-46.08426492064038,-69.78880728348939,-86.4916867299887,-95.44796005252839,-96.55337882695942,-90.32712882715519,-77.8435670194342,-60.62001410787285,-40.4712814041706,-19.344242514105904,0.8528137662153356,18.411200413727112,31.95956077369161,40.56701882517445,43.80377820414678,41.75515261197902,34.98924118058527,24.482586026080767,11.511797962908595,-2.4780094677532873,-16.01532122852663,-27.741568450703326,-36.535021715517004,-41.60826264964926,-42.570967410013814,-39.453139974062665,-32.6877164655949,-23.055269392355832,-11.59702076617879,0.4947911838079117,11.998208544963623,21.782655623689685,28.91824286118871,32.76301277120411,33.020158673681735,29.760256871040845,23.40698887921493,14.688362612949485,4.558734673838901,-5.900319397392932,-15.590298690350435,-23.50628475875294,-28.83681526500428,-31.04341965056889,-29.912183510862576,-25.572499661281945,-18.48140374387053,-9.37526710459045],[81.68387835226585,76.60835257071072,63.52784585592567,42.872533852354934,15.75572083615788,-16.09052444011882,-50.43542922216797,-84.71633444485988,-116.23906084139969,-142.39543612856596,-160.87980336103328,-169.88609874669353,-168.2684543588084,-155.65114440723076,-132.47781727463732,-99.99499076949698,-60.170303750418945,-15.55153728544312,30.92253635306331,76.14428819090628,117.07430795581693,150.97405161185253,175.6150124031251,189.44730840922625,191.71397646999563,182.5018213368332,162.72499590094932,134.04312283860094,98.7212237122582,59.44352917775176,19.09699235640274,-19.457300353278054,-53.60582609542816,-81.17926309746802,-100.60827324754467,-111.02632875994047,-112.31216648973424,-105.06971019166973,-90.54866608977065,-70.5140016828954,-47.07672947690705,-22.501478583734773,0.9920042453156512,21.416151679665678,37.17578353199375,47.18809251047165,50.95313380343203,48.57014543598164,40.69994782747169,28.478467675257175,13.390675552882556,-2.8824533671082224,-18.62923334281726,-32.26935910866112,-42.49802017776181,-48.39928109021476,-49.51911199245899,-45.89241390765791,-38.02278385754482,-26.818194100701316,-13.489807844117625,0.5755476451329578,13.95647477128214,25.337872943637343,33.63808233616711,38.11036951549263,38.40948502819756,34.617524162130394,27.22731885682816,17.08569754149867,5.30278042975912,-6.863329513203655,-18.134841508481927,-27.34282113639524,-33.54336467997908,-36.110116068065274,-34.79424723773052,-29.746269622152553,-21.49781312123296,-10.905434617918178],[88.11769952070483,82.64240054187935,68.53160923859132,46.249383989836765,16.99671835347123,-17.357892724318923,-54.40796993294935,-91.38900666438086,-125.39461693553706,-153.61119607696287,-173.55148234246846,-183.26715753562985,-181.52209957586587,-167.91098867491195,-142.91241712865502,-107.87108457562321,-64.90961072004339,-16.77645230915632,33.358146328781906,82.14178418522792,126.29565219167844,162.86550521003238,189.44730840922625,204.36910359983446,206.8143055065154,196.8765560468069,175.542011257966,144.60101380312486,106.49698940441829,64.1255918327742,20.601164736003433,-20.989852350304073,-57.828082746821075,-87.57333830411227,-108.53267217665345,-119.77130461856969,-121.15842120744809,-113.34551368226344,-97.68072123227869,-76.06802881591497,-50.784722593286766,-24.27380492466681,1.0701393442046736,23.10299237335699,40.10392979373172,50.90485712322474,54.966451455283355,52.39576728650816,43.9056744796451,30.721570866117016,14.445390553807144,-3.1094894709812784,-20.096562738171343,-34.81105142192166,-45.84537178926676,-52.21144483043969,-53.41947908332381,-49.50712454610867,-41.01764400131352,-28.93052603675723,-14.55233098841995,0.6208805883942018,15.055754881771273,27.333607556102265,36.2875819750897,41.1121283334125,41.43480364465136,37.34416942244429,29.3718754566684,18.431450519166763,5.72045331293732,-7.4039188632537405,-19.563230188563747,-29.496475259838324,-36.18540389373945,-38.954325156076365,-37.534812070519216,-32.08923108575683,-23.191085868861954,-11.764399905942396],[89.17199570875417,83.63118677139363,69.35156498839112,46.80274102826759,17.20007789947484,-17.565573590153587,-55.058941481364926,-92.4824428512077,-126.89491786663412,-155.4490981028503,-175.6279626325716,-185.4598823416043,-183.69394539878795,-169.91998251218251,-144.62231216022306,-109.16172282296085,-65.68623057646427,-16.97717645214622,33.757264402745726,83.12458072232667,127.80673368151699,164.81413167488148,191.71397646999563,206.8143055065154,209.28876336362683,199.23211235031275,177.64230750172237,146.3311122790262,107.77118710338824,64.89283118869743,20.847650170469883,-21.240988290540965,-58.51997469967272,-88.6211214084259,-109.83122607873038,-121.2043246654376,-122.6080375992046,-114.70165148043219,-98.84943549287856,-76.97815508168524,-51.392343306633514,-24.564232161654722,1.0829431717831672,23.37941126450201,40.58375871047954,51.51391520247704,55.624105031751135,53.02266356297196,44.43098988721255,31.089143274738785,14.618224391714866,-3.146693380228419,-20.33701079347685,-35.22755297627168,-46.39389496883264,-52.83613575583484,-54.058623698667475,-50.09945926403877,-41.50840517583997,-29.276669246177356,-14.726444329687085,0.6283091985501448,15.235891506608226,27.660644217394857,36.7217496798523,41.60401997856748,41.93055598240802,37.790978811274286,29.723299251187104,18.651976