<html>
<head><meta charset="utf-8" /></head>
<body>
<div>
    <script src="https://cdnjs.cloudflare.com/ajax/libs/mathjax/2.7.5/MathJax.js?config=TeX-AMS-MML_SVG"></script>
    <script type="text/javascript">
window.PlotlyConfig = {MathJaxConfig: 'local'};
</script>
<script src="https://cdn.plot.ly/plotly-2.3.0.min.js"></script>

    <div
        id=4aa52c46-deba-4ed2-a7f1-c1c21321f95c
        class="plotly-graph-div"
        style="height:800; width:100%;">
    </div>
    <script type="text/javascript">
        
        window.PLOTLYENV = window.PLOTLYENV || {}
        
        if (document.getElementById('4aa52c46-deba-4ed2-a7f1-c1c21321f95c')) {
    Plotly.newPlot(
        '4aa52c46-deba-4ed2-a7f1-c1c21321f95c',
        [{"y":[-10.0,-9.797979797979798,-9.595959595959595,-9.393939393939394,-9.191919191919192,-8.98989898989899,-8.787878787878787,-8.585858585858587,-8.383838383838384,-8.181818181818182,-7.97979797979798,-7.777777777777778,-7.575757575757576,-7.373737373737374,-7.171717171717172,-6.96969696969697,-6.767676767676767,-6.565656565656566,-6.363636363636363,-6.161616161616162,-5.959595959595959,-5.757575757575758,-5.555555555555555,-5.353535353535354,-5.151515151515151,-4.94949494949495,-4.747474747474747,-4.545454545454546,-4.343434343434343,-4.141414141414141,-3.9393939393939394,-3.7373737373737375,-3.5353535353535355,-3.3333333333333335,-3.1313131313131315,-2.9292929292929295,-2.727272727272727,-2.525252525252525,-2.323232323232323,-2.121212121212121,-1.9191919191919191,-1.7171717171717171,-1.5151515151515151,-1.3131313131313131,-1.1111111111111112,-0.9090909090909091,-0.7070707070707071,-0.5050505050505051,-0.30303030303030304,-0.10101010101010101,0.10101010101010101,0.30303030303030304,0.5050505050505051,0.7070707070707071,0.9090909090909091,1.1111111111111112,1.3131313131313131,1.5151515151515151,1.7171717171717171,1.9191919191919191,2.121212121212121,2.323232323232323,2.525252525252525,2.727272727272727,2.9292929292929295,3.1313131313131315,3.3333333333333335,3.5353535353535355,3.7373737373737375,3.9393939393939394,4.141414141414141,4.343434343434343,4.545454545454546,4.747474747474747,4.94949494949495,5.151515151515151,5.353535353535354,5.555555555555555,5.757575757575758,5.959595959595959,6.161616161616162,6.363636363636363,6.565656565656566,6.767676767676767,6.96969696969697,7.171717171717172,7.373737373737374,7.575757575757576,7.777777777777778,7.97979797979798,8.181818181818182,8.383838383838384,8.585858585858587,8.787878787878787,8.98989898989899,9.191919191919192,9.393939393939394,9.595959595959595,9.797979797979798,10.0],"type":"surface","z":[[-12.43273753902044,-11.999175088393672,-11.169851604741181,-9.456696685829012,-11.615932351480675,-12.390127768292048,-12.8795925051591,-13.226839549033544,-13.480475053536814,-13.662013890636048,-13.781681254852447,-13.84359677673112,-13.847541346179174,-13.789048456306503,-13.657923269789917,-13.43385752796079,-13.073738106706168,-12.46381932650399,-11.04473378535344,-11.54799267118652,-12.759024468730916,-13.397945516436042,-13.82464695140274,-14.128238904273353,-14.34405397141136,-14.488642489619618,-14.569736996526204,-14.589729926118748,-14.546678148397191,-14.433744152772237,-14.236615951479866,-13.926285078323955,-13.436199672499436,-12.554325643212987,-9.393854682271696,-12.729912043844969,-13.605079182228089,-14.129386178434928,-14.484994835509516,-14.73159973376246,-14.895409743961423,-14.989112486648018,-15.018311936329273,-14.983784042312626,-14.881803511253107,-14.702825413689933,-14.427340124413849,-14.013970290583394,-13.356251908179116,-11.984549634307465,-11.984549634307465,-13.356251908179116,-14.013970290583394,-14.427340124413849,-14.702825413689933,-14.881803511253107,-14.983784042312626,-15.018311936329273,-14.989112486648018,-14.895409743961423,-14.73159973376246,-14.484994835509516,-14.129386178434928,-13.605079182228089,-12.729912043844969,-9.393854682271696,-12.554325643212987,-13.436199672499436,-13.926285078323955,-14.236615951479866,-14.433744152772237,-14.546678148397191,-14.589729926118748,-14.569736996526204,-14.488642489619618,-14.34405397141136,-14.128238904273353,-13.82464695140274,-13.397945516436042,-12.759024468730916,-11.54799267118652,-11.04473378535344,-12.46381932650399,-13.073738106706168,-13.43385752796079,-13.657923269789917,-13.789048456306503,-13.847541346179174,-13.84359677673112,-13.781681254852447,-13.662013890636048,-13.480475053536814,-13.226839549033544,-12.8795925051591,-12.390127768292048,-11.615932351480675,-9.456696685829012,-11.169851604741181,-11.999175088393672,-12.43273753902044],[-11.999175088393672,-11.581269434444996,-10.78133475261321,-9.12819974053337,-11.212965441912527,-11.960879278209648,-12.433990332455254,-12.769847920705594,-13.015361002869401,-13.19128964206277,-13.307496575956835,-13.367950559451671,-13.372431129151334,-13.316615789979464,-13.190648735956524,-12.974904197969952,-12.627725536056591,-12.039221367916799,-10.66901567793339,-11.155713732530906,-12.32622177105376,-12.944110500166762,-13.357013639545338,-13.650999443282748,-13.860189685968251,-14.000563350652875,-14.079581484363215,-14.099546045910238,-14.058569581513927,-13.950034261007445,-13.760097222439892,-13.460708676725833,-12.987525353620677,-12.13556559838221,-9.080849043131586,-12.306180321090501,-13.152654755635034,-13.659955847175455,-14.00416227409741,-14.24297082173341,-14.401710248550891,-14.492639624010145,-14.521170998178606,-14.488049553309779,-14.38966913830311,-14.216797199092083,-13.950566532207088,-13.550965402474123,-12.915046255516557,-11.588687320863961,-11.588687320863961,-12.915046255516557,-13.550965402474123,-13.950566532207088,-14.216797199092083,-14.38966913830311,-14.488049553309779,-14.521170998178606,-14.492639624010145,-14.401710248550891,-14.24297082173341,-14.00416227409741,-13.659955847175455,-13.152654755635034,-12.306180321090501,-9.080849043131586,-12.13556559838221,-12.987525353620677,-13.460708676725833,-13.760097222439892,-13.950034261007445,-14.058569581513927,-14.099546045910238,-14.079581484363215,-14.000563350652875,-13.860189685968251,-13.650999443282748,-13.357013639545338,-12.944110500166762,-12.32622177105376,-11.155713732530906,-10.66901567793339,-12.039221367916799,-12.627725536056591,-12.974904197969952,-13.190648735956524,-13.316615789979464,-13.372431129151334,-13.367950559451671,-13.307496575956835,-13.19128964206277,-13.015361002869401,-12.769847920705594,-12.433990332455254,-11.960879278209648,-11.212965441912527,-9.12819974053337,-10.78133475261321,-11.581269434444996,-11.999175088393672],[-11.169851604741181,-10.78133475261321,-10.037128077847482,-8.498511186557996,-10.439968377312587,-11.136865757793275,-11.577952568387326,-11.891277188848944,-12.120504435768458,-12.284955281490108,-12.393805261524932,-12.45074202024246,-12.455551827156631,-12.404199815521292,-12.287495739475794,-12.087145890927193,-11.764328188429003,-11.216639945585083,-9.940565125216084,-10.394565889178919,-11.485797257277168,-12.062169333653005,-12.447566382402538,-12.722170100428748,-12.917764029986596,-13.049228155300415,-13.123505993305221,-13.142733588137412,-13.105142316795762,-13.004553750551686,-12.828053092486202,-12.549478637175259,-12.108827054296363,-11.314958054653918,-8.467124397602019,-11.47489098116477,-12.264609559560592,-12.738074124845099,-13.05945012640724,-13.282526424020327,-13.430913287121596,-13.516035596776872,-13.542934544079214,-13.512300138115075,-13.420765068866345,-13.259715227754839,-13.011551097067413,-12.638952403029728,-12.045899226659914,-10.808830740184208,-10.808830740184208,-12.045899226659914,-12.638952403029728,-13.011551097067413,-13.259715227754839,-13.420765068866345,-13.512300138115075,-13.542934544079214,-13.516035596776872,-13.430913287121596,-13.282526424020327,-13.05945012640724,-12.738074124845099,-12.264609559560592,-11.47489098116477,-8.467124397602019,-11.314958054653918,-12.108827054296363,-12.549478637175259,-12.828053092486202,-13.004553750551686,-13.105142316795762,-13.142733588137412,-13.123505993305221,-13.049228155300415,-12.917764029986596,-12.722170100428748,-12.447566382402538,-12.062169333653005,-11.485797257277168,-10.394565889178919,-9.940565125216084,-11.216639945585083,-11.764328188429003,-12.087145890927193,-12.287495739475794,-12.404199815521292,-12.455551827156631,-12.45074202024246,-12.393805261524932,-12.284955281490108,-12.120504435768458,-11.891277188848944,-11.577952568387326,-11.136865757793275,-10.439968377312587,-8.498511186557996,-10.037128077847482,-10.78133475261321,-11.169851604741181],[-9.456696685829012,-9.12819974053337,-8.498511186557996,-7.196100869785325,-8.840458756059256,-9.431049900086776,-9.80506473114194,-10.070917420953386,-10.26557405366202,-10.405388645282066,-10.498124707074622,-10.546898454242546,-10.551521627101515,-10.508568627604648,-10.41024528689623,-10.24104265142675,-9.96805450911559,-9.504492253160198,-8.42364517339556,-8.808828277132992,-9.734096505541888,-10.223097903325872,-10.550280207130118,-10.78358074451409,-10.949925537973131,-11.061916931094403,-11.125431783786487,-11.142272532232399,-11.110931648830576,-11.026162617846575,-10.877006451752987,-10.64126997995099,-10.268059739503009,-9.595268466185482,-7.180542908566873,-9.731646046220991,-10.401765131863016,-10.803682235549804,-11.076606320857916,-11.266145476871296,-11.39231647583995,-11.464803143941033,-11.487876127253212,-11.46211629826545,-11.384663662841286,-11.248208108411346,-11.037817766738454,-10.72183194801006,-10.218794479303313,-9.16938944247908,-9.16938944247908,-10.218794479303313,-10.72183194801006,-11.037817766738454,-11.248208108411346,-11.384663662841286,-11.46211629826545,-11.487876127253212,-11.464803143941033,-11.39231647583995,-11.266145476871296,-11.076606320857916,-10.803682235549804,-10.401765131863016,-9.731646046220991,-7.180542908566873,-9.595268466185482,-10.268059739503009,-10.64126997995099,-10.877006451752987,-11.026162617846575,-11.110931648830576,-11.142272532232399,-11.125431783786487,-11.061916931094403,-10.949925537973131,-10.78358074451409,-10.550280207130118,-10.223097903325872,-9.734096505541888,-8.808828277132992,-8.42364517339556,-9.504492253160198,-9.96805450911559,-10.24104265142675,-10.41024528689623,-10.508568627604648,-10.551521627101515,-10.546898454242546,-10.498124707074622,-10.405388645282066,-10.26557405366202,-10.070917420953386,-9.80506473114194,-9.431049900086776,-8.840458756059256,-7.196100869785325,-8.498511186557996,-9.12819974053337,-9.456696685829012],[-11.615932351480675,-11.212965441912527,-10.439968377312587,-8.840458756059256,-10.861100354164536,-11.587260223224824,-12.047393527152627,-12.374674699149056,-12.614508121397762,-12.786977394775647,-12.901612772887853,-12.96223472179603,-12.968602886367393,-12.916497560182185,-12.796328125943562,-12.58901822857997,-12.254100220268862,-11.684854487186634,-10.356614599043176,-10.830767306322093,-11.969058684391984,-12.571006087867186,-12.974019399657944,-13.261614510592258,-13.466886830917067,-13.605321745327304,-13.684135698279295,-13.705535018647407,-13.667655067513484,-13.564031537491408,-13.381171640244004,-13.091759407491903,-12.633163736449697,-11.80590772283734,-8.835219169325386,-11.974664709821733,-12.799714365278707,-13.294754611739075,-13.631058823578595,-13.864735270937256,-14.020405745623673,-14.109979087123431,-14.138704193355638,-14.107290235635249,-14.012212537758586,-13.84447009749443,-13.585681662140273,-13.196876254730572,-12.577793063579145,-11.286168185569673,-11.286168185569673,-12.577793063579145,-13.196876254730572,-13.585681662140273,-13.84447009749443,-14.012212537758586,-14.107290235635249,-14.138704193355638,-14.109979087123431,-14.020405745623673,-13.864735270937256,-13.631058823578595,-13.294754611739075,-12.799714365278707,-11.974664709821733,-8.835219169325386,-11.80590772283734,-12.633163736449697,-13.091759407491903,-13.381171640244004,-13.564031537491408,-13.667655067513484,-13.705535018647407,-13.684135698279295,-13.605321745327304,-13.466886830917067,-13.261614510592258,-12.974019399657944,-12.571006087867186,-11.969058684391984,-10.830767306322093,-10.356614599043176,-11.684854487186634,-12.254100220268862,-12.58901822857997,-12.796328125943562,-12.916497560182185,-12.968602886367393,-12.96223472179603,-12.901612772887853,-12.786977394775647,-12.614508121397762,-12.374674699149056,-12.047393527152627,-11.587260223224824,-10.861100354164536,-8.840458756059256,-10.439968377312587,-11.212965441912527,-11.615932351480675],[-12.390127768292048,-11.960879278209648,-11.136865757793275,-9.431049900086776,-11.587260223224824,-12.362594809733208,-12.854173345320257,-13.204052957582796,-13.460661941596552,-13.645417615829611,-13.768479073683865,-13.833913563331786,-13.841454856121807,-13.786589064318132,-13.659068126117171,-13.438515761295134,-13.081715078832609,-12.474709226050576,-11.057293151771072,-11.56416046623389,-12.780231248483313,-13.423708255639372,-13.854812283132313,-14.16269751014977,-14.38268822682326,-14.531307812089446,-14.616251065264182,-14.639862878576045,-14.60014011776346,-14.490165800037394,-14.295513235272905,-13.986985107901637,-13.497647763580206,-12.614340274635671,-9.440629226589854,-12.795717343809912,-13.677866556913129,-14.207390143075738,-14.567281110609605,-14.817481565381522,-14.984291897024809,-15.080429643366122,-15.111496760279927,-15.078244753934616,-14.976901093536755,-14.7978408682794,-14.521413780358294,-14.105962360054185,-13.444317847120175,-12.063747038354734,-12.063747038354734,-13.444317847120175,-14.105962360054185,-14.521413780358294,-14.7978408682794,-14.976901093536755,-15.078244753934616,-15.111496760279927,-15.080429643366122,-14.984291897024809,-14.817481565381522,-14.567281110609605,-14.207390143075738,-13.677866556913129,-12.795717343809912,-9.440629226589854,-12.614340274635671,-13.497647763580206,-13.986985107901637,-14.295513235272905,-14.490165800037394,-14.60014011776346,-14.639862878576045,-14.616251065264182,-14.531307812089446,-14.38268822682326,-14.16269751014977,-13.854812283132313,-13.423708255639372,-12.780231248483313,-11.56416046623389,-11.057293151771072,-12.474709226050576,-13.081715078832609,-13.438515761295134,-13.659068126117171,-13.786589064318132,-13.841454856121807,-13.833913563331786,-13.768479073683865,-13.645417615829611,-13.460661941596552,-13.204052957582796,-12.854173345320257,-12.362594809733208,-11.587260223224824,-9.431049900086776,-11.136865757793275,-11.960879278209648,-12.390127768292048],[-12.8795925051591,-12.433990332455254,-11.577952568387326,-9.80506473114194,-12.047393527152627,-12.854173345320257,-13.365989298757857,-13.730517449456457,-13.998096873687818,-14.190985901826707,-14.319738298734878,-14.38857373372963,-14.39720508081775,-14.340926480972314,-14.209065766774051,-13.980411582489703,-13.609984696515093,-12.979194908725518,-11.505104369274104,-12.033176230086815,-13.299315455176526,-13.969711268695864,-14.419155461125039,-14.740400118863933,-14.970189261238925,-15.125705106788631,-15.214943501001514,-15.24033279978725,-15.199775461931248,-15.08605786095986,-14.88414637181121,-14.563625390283816,-14.054780364192796,-13.135615193660355,-9.831187369062441,-13.325638174782341,-14.24489379801283,-14.796932729704972,-15.172300550518518,-15.433407355353479,-15.607632233127042,-15.708210814879664,-15.740969549154114,-15.706684151201191,-15.601419061049425,-15.415143361312488,-15.127383424933972,-14.694740875297718,-14.005572270868525,-12.56740904678795,-12.56740904678795,-14.005572270868525,-14.694740875297718,-15.127383424933972,-15.415143361312488,-15.601419061049425,-15.706684151201191,-15.740969549154114,-15.708210814879664,-15.607632233127042,-15.433407355353479,-15.172300550518518,-14.796932729704972,-14.24489379801283,-13.325638174782341,-9.831187369062441,-13.135615193660355,-14.054780364192796,-14.563625390283816,-14.88414637181121,-15.08605786095986,-15.199775461931248,-15.24033279978725,-15.214943501001514,-15.125705106788631,-14.970189261238925,-14.740400118863933,-14.419155461125039,-13.969711268695864,-13.299315455176526,-12.033176230086815,-11.505104369274104,-12.979194908725518,-13.609984696515093,-13.980411582489703,-14.209065766774051,-14.340926480972314,-14.39720508081775,-14.38857373372963,-14.319738298734878,-14.190985901826707,-13.998096873687818,-13.730517449456457,-13.365989298757857,-12.854173345320257,-12.047393527152627,-9.80506473114194,-11.577952568387326,-12.433990332455254,-12.8795925051591],[-13.226839549033544,-12.769847920705594,-11.891277188848944,-10.070917420953386,-12.374674699149056,-13.204052957582796,-13.730517449456457,-14.105733072150654,-14.381393689307549,-14.580352508087094,-14.713440940426224,-14.784983857003306,-14.79467559604603,-14.737669201897848,-14.60298468440789,-14.368807365647108,-13.98888781460052,-13.341301179452126,-11.826764528640183,-12.370312053837145,-13.672711801693168,-14.362755333160509,-14.825694365482223,-15.156860739281123,-15.394014309077953,-15.554806749732405,-15.647446243857411,-15.674416831173032,-15.63354820692935,-15.517407494812637,-15.310516635662308,-14.981571562464623,-14.458834113215284,-13.513886862409443,-10.114763395633593,-13.710612031744462,-14.657038182138598,-15.225652826980248,-15.61247859425545,-15.881713036419757,-16.06151486996813,-16.16549279109041,-16.199633419936905,-16.16472736345491,-16.056717977623304,-15.865276522808132,-15.569327584106038,-15.12420209110549,-14.414992120646449,-12.934832534550436,-12.934832534550436,-14.414992120646449,-15.12420209110549,-15.569327584106038,-15.865276522808132,-16.056717977623304,-16.16472736345491,-16.199633419936905,-16.16549279109041,-16.06151486996813,-15.881713036419757,-15.61247859425545,-15.225652826980248,-14.657038182138598,-13.710612031744462,-10.114763395633593,-13.513886862409443,-14.458834113215284,-14.981571562464623,-15.310516635662308,-15.517407494812637,-15.63354820692935,-15.674416831173032,-15.647446243857411,-15.554806749732405,-15.394014309077953,-15.156860739281123,-14.825694365482223,-14.362755333160509,-13.672711801693168,-12.370312053837145,-11.826764528640183,-13.341301179452126,-13.98888781460052,-14.368807365647108,-14.60298468440789,-14.737669201897848,-14.79467559604603,-14.784983857003306,-14.713440940426224,-14.580352508087094,-14.381393689307549,-14.105733072150654,-13.730517449456457,-13.204052957582796,-12.374674699149056,-10.070917420953386,-11.891277188848944,-12.769847920705594,-13.226839549033544],[-13.480475053536814,-13.015361002869401,-12.120504435768458,-10.26557405366202,-12.614508121397762,-13.460661941596552,-13.998096873687818,-14.381393689307549,-14.663235085327067,-14.866907145422264,-15.003441906840965,-15.077238359369083,-15.08797384831371,-15.03069378151158,-14.894186835729766,-14.656187464330497,-14.269499796831532,-13.609718736641707,-12.065418974806574,-12.62067761803131,-13.950258914893613,-14.655173131748354,-15.128426780257593,-15.467261439585362,-15.710186957704893,-15.875199758892842,-15.970661881063677,-15.999094632187795,-15.958269013935952,-15.840583601446731,-15.630222515188825,-15.295209765914784,-14.762280963381427,-13.798183146294072,-10.328042700846007,-14.000352534187527,-14.967431254927876,-15.5487298043114,-15.944383706868685,-16.21993054590477,-16.40411192565326,-16.51081410552472,-16.54614141789933,-16.510893050753147,-16.400918649622735,-16.205662538745667,-15.903592843717162,-15.449078398023772,-14.724741184695665,-13.212824080577064,-13.212824080577064,-14.724741184695665,-15.449078398023772,-15.903592843717162,-16.205662538745667,-16.400918649622735,-16.510893050753147,-16.54614141789933,-16.51081410552472,-16.40411192565326,-16.21993054590477,-15.944383706868685,-15.5487298043114,-14.967431254927876,-14.000352534187527,-10.328042700846007,-13.798183146294072,-14.762280963381427,-15.295209765914784,-15.630222515188825,-15.840583601446731,-15.958269013935952,-15.999094632187795,-15.970661881063677,-15.875199758892842,-15.710186957704893,-15.467261439585362,-15.128426780257593,-14.655173131748354,-13.950258914893613,-12.62067761803131,-12.065418974806574,-13.609718736641707,-14.269499796831532,-14.656187464330497,-14.894186835729766,-15.03069378151158,-15.08797384831371,-15.077238359369083,-15.003441906840965,-14.866907145422264,-14.663235085327067,-14.381393689307549,-13.998096873687818,-13.460661941596552,-12.614508121397762,-10.26557405366202,-12.120504435768458,-13.015361002869401,-13.480475053536814],[-13.662013890636048,-13.19128964206277,-12.284955281490108,-10.405388645282066,-12.786977394775647,-13.645417615829611,-14.190985901826707,-14.580352508087094,-14.866907145422264,-15.074244047152462,-15.213536602084949,-15.289234030331485,-15.30099792706416,-15.243791895987991,-15.106232268344073,-14.865720153838856,-14.47436278338052,-13.80593330716725,-12.240102978852336,-12.80417126138008,-14.153937222054312,-14.870041023182921,-15.351159221885286,-15.6959267862669,-15.943398683036003,-16.111819968592393,-16.209661444369225,-16.239467458692324,-16.198961110498157,-16.080411425926208,-15.867746762496099,-15.528485927302036,-14.988221328619424,-14.010085848365234,-10.487172337649389,-14.216739009396594,-15.199454535436857,-15.790444399469928,-16.19290604132673,-16.47337228241948,-16.661015937906996,-16.76992714274526,-16.806295116186234,-16.770922649835086,-16.6595866490092,-16.461558984970146,-16.1549631304853,-15.693443334056209,-14.95776298004268,-13.421970798487111,-13.421970798487111,-14.95776298004268,-15.693443334056209,-16.1549631304853,-16.461558984970146,-16.6595866490092,-16.770922649835086,-16.806295116186234,-16.76992714274526,-16.661015937906996,-16.47337228241948,-16.19290604132673,-15.790444399469928,-15.199454535436857,-14.216739009396594,-10.487172337649389,-14.010085848365234,-14.988221328619424,-15.528485927302036,-15.867746762496099,-16.080411425926208,-16.198961110498157,-16.239467458692324,-16.209661444369225,-16.111819968592393,-15.943398683036003,-15.6959267862669,-15.351159221885286,-14.870041023182921,-14.153937222054312,-12.80417126138008,-12.240102978852336,-13.80593330716725,-14.47436278338052,-14.865720153838856,-15.106232268344073,-15.243791895987991,-15.30099792706416,-15.289234030331485,-15.213536602084949,-15.074244047152462,-14.866907145422264,-14.580352508087094,-14.190985901826707,-13.645417615829611,-12.786977394775647,-10.405388645282066,-12.284955281490108,-13.19128964206277,-13.662013890636048],[-13.781681254852447,-13.307496575956835,-12.393805261524932,-10.498124707074622,-12.901612772887853,-13.768479073683865,-14.319738298734878,-14.713440940426224,-15.003441906840965,-15.213536602084949,-15.354988970953363,-15.432278046878716,-15.445050840958942,-15.388211445571422,-15.25025463521702,-15.008349285382899,-14.614120330346715,-13.940085342838124,-12.359796675338348,-12.930176343911459,-14.294107614878325,-15.01823201797628,-15.505104189236137,-15.854308708768972,-16.105269615614105,-16.27639803017499,-16.376234803716837,-16.407335136760054,-16.36738354088444,-16.248553058559338,-16.034586873037806,-15.692641984281753,-15.147497036043015,-14.15972126394831,-10.599726622933995,-14.370032201901681,-15.36407078205,-15.96217861781466,-16.369711057506265,-16.65389955364762,-16.844217622489744,-16.954895840799104,-16.99218002531691,-16.95687223397323,-16.84469461340897,-16.644793389847894,-16.335043496016844,-15.868568821526214,-15.124800010792608,-13.57191174983516,-13.57191174983516,-15.124800010792608,-15.868568821526214,-16.335043496016844,-16.644793389847894,-16.84469461340897,-16.95687223397323,-16.99218002531691,-16.954895840799104,-16.844217622489744,-16.65389955364762,-16.369711057506265,-15.96217861781466,-15.36407078205,-14.370032201901681,-10.599726622933995,-14.15972126394831,-15.147497036043015,-15.692641984281753,-16.034586873037806,-16.248553058559338,-16.36738354088444,-16.407335136760054,-16.376234803716837,-16.27639803017499,-16.105269615614105,-15.854308708768972,-15.505104189236137,-15.01823201797628,-14.294107614878325,-12.930176343911459,-12.359796675338348,-13.940085342838124,-14.614120330346715,-15.008349285382899,-15.25025463521702,-15.388211445571422,-15.445050840958942,-15.432278046878716,-15.354988970953363,-15.213536602084949,-15.003441906840965,-14.713440940426224,-14.319738298734878,-13.768479073683865,-12.901612772887853,-10.498124707074622,-12.393805261524932,-13.307496575956835,-13.781681254852447],[-13.84359677673112,-13.367950559451671,-12.45074202024246,-10.546898454242546,-12.96223472179603,-13.833913563331786,-14.38857373372963,-14.784983857003306,-15.077238359369083,-15.289234030331485,-15.432278046878716,-15.510860306522023,-15.524614457664402,-15.46840606062632,-15.330655976141248,-15.088395585297667,-14.692968494398219,-14.016166734910692,-12.428030034234416,-13.002375974357287,-14.3748310079817,-15.104001621016776,-15.59464379722245,-15.946876585735508,-16.200328473961328,-16.373499488903498,-16.474964409903496,-16.507277992983248,-16.468094998441536,-16.349524036345645,-16.135189360704118,-15.792020651259213,-15.244291664820334,-14.250992806606753,-10.668622380117261,-14.464179805687758,-15.465494130199815,-16.06830423888586,-16.479276088772114,-16.766061777566403,-16.958313210258414,-17.070341956043286,-17.108423915831757,-17.073356349225865,-16.960823501388518,-16.759889838224762,-16.448271870800493,-15.978764631777734,-15.229959142410266,-13.666331736173357,-13.666331736173357,-15.229959142410266,-15.978764631777734,-16.448271870800493,-16.759889838224762,-16.960823501388518,-17.073356349225865,-17.108423915831757,-17.070341956043286,-16.958313210258414,-16.766061777566403,-16.479276088772114,-16.06830423888586,-15.465494130199815,-14.464179805687758,-10.668622380117261,-14.250992806606753,-15.244291664820334,-15.792020651259213,-16.135189360704118,-16.349524036345645,-16.468094998441536,-16.507277992983248,-16.474964409903496,-16.373499488903498,-16.200328473961328,-15.946876585735508,-15.59464379722245,-15.104001621016776,-14.3748310079817,-13.002375974357287,-12.428030034234416,-14.016166734910692,-14.692968494398219,-15.088395585297667,-15.330655976141248,-15.46840606062632,-15.524614457664402,-15.510860306522023,-15.432278046878716,-15.289234030331485,-15.077238359369083,-14.784983857003306,-14.38857373372963,-13.833913563331786,-12.96223472179603,-10.546898454242546,-12.45074202024246,-13.367950559451671,-13.84359677673112],[-13.847541346179174,-13.372431129151334,-12.455551827156631,-10.551521627101515,-12.968602886367393,-13.841454856121807,-14.39720508081775,-14.79467559604603,-15.08797384831371,-15.30099792706416,-15.445050840958942,-15.524614457664402,-15.539310448401858,-15.483987109117322,-15.347039503393448,-15.105457072326326,-14.710504652878841,-14.033782750323752,-12.444443620841863,-13.020384284274591,-14.395670009807501,-15.126879007413187,-15.619280438038805,-15.97310997566375,-16.228034951383187,-16.402566762036475,-16.505277901909945,-16.538711478452193,-16.500501592387124,-16.382724429312077,-16.168952341058787,-15.826023613868506,-15.278019131737116,-14.283345001264871,-10.693438395143563,-14.498603894248552,-15.503099783027649,-16.108165484340027,-16.520922310252107,-16.8091624725269,-17.002592872951237,-17.115546130384573,-17.15430152877159,-17.11964748737572,-17.007247432282732,-16.80612845123097,-16.493939728845763,-16.023340987561678,-15.272581986861448,-13.70463954565973,-13.70463954565973,-15.272581986861448,-16.023340987561678,-16.493939728845763,-16.80612845123097,-17.007247432282732,-17.11964748737572,-17.15430152877159,-17.115546130384573,-17.002592872951237,-16.8091624725269,-16.520922310252107,-16.108165484340027,-15.503099783027649,-14.498603894248552,-10.693438395143563,-14.283345001264871,-15.278019131737116,-15.826023613868506,-16.168952341058787,-16.382724429312077,-16.500501592387124,-16.538711478452193,-16.505277901909945,-16.402566762036475,-16.228034951383187,-15.97310997566375,-15.619280438038805,-15.126879007413187,-14.395670009807501,-13.020384284274591,-12.444443620841863,-14.033782750323752,-14.710504652878841,-15.105457072326326,-15.347039503393448,-15.483987109117322,-15.539310448401858,-15.524614457664402,-15.445050840958942,-15.30099792706416,-15.08797384831371,-14.79467559604603,-14.39720508081775,-13.841454856121807,-12.968602886367393,-10.551521627101515,-12.455551827156631,-13.372431129151334,-13.847541346179174],[-13.789048456306503,-13.316615789979464,-12.404199815521292,-10.508568627604648,-12.916497560182185,-13.786589064318132,-14.340926480972314,-14.737669201897848,-15.03069378151158,-15.243791895987991,-15.388211445571422,-15.46840606062632,-15.483987109117322,-15.429808770657136,-15.29429247910708,-15.054489191034344,-14.66180412382701,-13.98822375934743,-12.404850975494213,-12.979810402096073,-14.351758213995794,-15.081738310900429,-15.57370881056381,-15.927570657659349,-16.182851258072255,-16.357989785320477,-16.461517525022362,-16.49595406205969,-16.45892293566015,-16.342502837309798,-16.130287116995014,-15.789170292524298,-15.243378987445684,-14.25181387508595,-10.670452194415976,-14.46824954548501,-15.471474733209376,-16.07613046022125,-16.48886627810567,-16.777310531010563,-16.97109149365006,-17.084497989714023,-17.12378387302302,-17.089724473027903,-16.977981056251494,-16.777591613848777,-16.466236995163488,-15.996651850692432,-15.24728594585524,-13.682004685340273,-13.682004685340273,-15.24728594585524,-15.996651850692432,-16.466236995163488,-16.777591613848777,-16.977981056251494,-17.089724473027903,-17.12378387302302,-17.084497989714023,-16.97109149365006,-16.777310531010563,-16.48886627810567,-16.07613046022125,-15.471474733209376,-14.46824954548501,-10.670452194415976,-14.25181387508595,-15.243378987445684,-15.789170292524298,-16.130287116995014,-16.342502837309798,-16.45892293566015,-16.49595406205969,-16.461517525022362,-16.357989785320477,-16.182851258072255,-15.927570657659349,-15.57370881056381,-15.081738310900429,-14.351758213995794,-12.979810402096073,-12.404850975494213,-13.98822375934743,-14.66180412382701,-15.054489191034344,-15.29429247910708,-15.429808770657136,-15.483987109117322,-15.46840606062632,-15.388211445571422,-15.243791895987991,-15.03069378151158,-14.737669201897848,-14.340926480972314,-13.786589064318132,-12.916497560182185,-10.508568627604648,-12.404199815521292,-13.316615789979464,-13.789048456306503],[-13.657923269789917,-13.190648735956524,-12.287495739475794,-10.41024528689623,-12.796328125943562,-13.659068126117171,-14.209065766774051,-14.60298468440789,-14.894186835729766,-15.106232268344073,-15.25025463521702,-15.330655976141248,-15.347039503393448,-15.29429247910708,-15.160923783505543,-14.924166855170949,-14.53582336137059,-13.868940267687995,-12.299884893376769,-12.87084053879964,-14.232230792116882,-14.957147669942769,-15.446109319069725,-15.798155406496585,-16.05246500590828,-16.2273077514926,-16.33112856014866,-16.36640993985313,-16.330777014909888,-16.21635220616034,-16.00683557289697,-15.669351147233709,-15.128668404138496,-14.14544719675178,-10.591456133244753,-14.36197806955682,-15.358698047511126,-15.959802711301446,-16.370384087918687,-16.657550847096488,-16.850696369207427,-16.963989966773777,-17.00362654325494,-16.970363587224057,-16.859882297662367,-16.661288392640483,-16.352410699745196,-15.88630566862289,-15.142258507462314,-13.587826664104343,-13.587826664104343,-15.142258507462314,-15.88630566862289,-16.352410699745196,-16.661288392640483,-16.859882297662367,-16.970363587224057,-17.00362654325494,-16.963989966773777,-16.850696369207427,-16.657550847096488,-16.370384087918687,-15.959802711301446,-15.358698047511126,-14.36197806955682,-10.591456133244753,-14.14544719675178,-15.128668404138496,-15.669351147233709,-16.00683557289697,-16.21635220616034,-16.330777014909888,-16.36640993985313,-16.33112856014866,-16.2273077514926,-16.05246500590828,-15.798155406496585,-15.446109319069725,-14.957147669942769,-14.232230792116882,-12.87084053879964,-12.299884893376769,-13.868940267687995,-14.53582336137059,-14.924166855170949,-15.160923783505543,-15.29429247910708,-15.347039503393448,-15.330655976141248,-15.25025463521702,-15.106232268344073,-14.894186835729766,-14.60298468440789,-14.209065766774051,-13.659068126117171,-12.796328125943562,-10.41024528689623,-12.287495739475794,-13.190648735956524,-13.657923269789917],[-13.43385752796079,-12.974904197969952,-12.087145890927193,-10.24104265142675,-12.58901822857997,-13.438515761295134,-13.980411582489703,-14.368807365647108,-14.656187464330497,-14.865720153838856,-15.008349285382899,-15.088395585297667,-15.105457072326326,-15.054489191034344,-14.924166855170949,-14.692061470188008,-14.310700107420802,-13.655056391385136,-12.111016408663385,-12.674069975027892,-14.01561315053302,-14.730520382144306,-15.21313797445052,-15.560968874320688,-15.812576658468647,-15.985936837816428,-16.089350341647776,-16.12524559398635,-16.091265359516683,-15.979629288129804,-15.77425497054572,-15.44271963061127,-14.910847721840822,-13.942688271622977,-10.440299207977489,-14.157875363853087,-15.14132119146194,-15.734802665319766,-16.140456203319793,-16.424412938122767,-16.615630482450868,-16.728061496094252,-16.767799125245826,-16.73557726008593,-16.627125858859408,-16.431691971641655,-16.127402756440627,-15.667955316094586,-14.934290769411067,-13.401278154602803,-13.401278154602803,-14.934290769411067,-15.667955316094586,-16.127402756440627,-16.431691971641655,-16.627125858859408,-16.73557726008593,-16.767799125245826,-16.728061496094252,-16.615630482450868,-16.424412938122767,-16.140456203319793,-15.734802665319766,-15.14132119146194,-14.157875363853087,-10.440299207977489,-13.942688271622977,-14.910847721840822,-15.44271963061127,-15.77425497054572,-15.979629288129804,-16.091265359516683,-16.12524559398635,-16.089350341647776,-15.985936837816428,-15.812576658468647,-15.560968874320688,-15.21313797445052,-14.730520382144306,-14.01561315053302,-12.674069975027892,-12.111016408663385,-13.655056391385136,-14.310700107420802,-14.692061470188008,-14.924166855170949,-15.054489191034344,-15.105457072326326,-15.088395585297667,-15.008349285382899,-14.865720153838856,-14.656187464330497,-14.368807365647108,-13.980411582489703,-13.438515761295134,-12.58901822857997,-10.24104265142675,-12.087145890927193,-12.974904197969952,-13.43385752796079],[-13.073738106706168,-12.627725536056591,-11.764328188429003,-9.96805450911559,-12.254100220268862,-13.081715078832609,-13.609984696515093,-13.98888781460052,-14.269499796831532,-14.47436278338052,-14.614120330346715,-14.692968494398219,-14.710504652878841,-14.66180412382701,-14.53582336137059,-14.310700107420802,-13.940169804651553,-13.302404111780962,-11.799051097273555,-12.348460241026276,-13.656498554367843,-14.354107835867072,-14.825455031332893,-15.16551579504352,-15.411846602874032,-15.581946438947794,-15.683888132260858,-15.720021565705869,-15.688031305035926,-15.580313502301392,-15.381166960688294,-15.05895197292501,-14.541302610050272,-13.598057693522483,-10.182910770552105,-13.80971857048797,-14.76988975544404,-15.349717008839951,-15.746324068764785,-16.024191301341332,-16.21154553250566,-16.32198039921715,-16.361424873262788,-16.330581351759562,-16.225271572183654,-16.034992900600678,-15.738392937246148,-15.29028003587791,-14.574461727442724,-13.078458397956766,-13.078458397956766,-14.574461727442724,-15.29028003587791,-15.738392937246148,-16.034992900600678,-16.225271572183654,-16.330581351759562,-16.361424873262788,-16.32198039921715,-16.21154553250566,-16.024191301341332,-15.746324068764785,-15.349717008839951,-14.76988975544404,-13.80971857048797,-10.182910770552105,-13.598057693522483,-14.541302610050272,-15.05895197292501,-15.381166960688294,-15.580313502301392,-15.688031305035926,-15.720021565705869,-15.683888132260858,-15.581946438947794,-15.411846602874032,-15.16551579504352,-14.825455031332893,-14.354107835867072,-13.656498554367843,-12.348460241026276,-11.799051097273555,-13.302404111780962,-13.940169804651553,-14.310700107420802,-14.53582336137059,-14.66180412382701,-14.710504652878841,-14.692968494398219,-14.614120330346715,-14.47436278338052,-14.269499796831532,-13.98888781460052,-13.609984696515093,-13.081715078832609,-12.254100220268862,-9.96805450911559,-11.764328188429003,-12.627725536056591,-13.073738106706168],[-12.46381932650399,-12.039221367916799,-11.216639945585083,-9.504492253160198,-11.684854487186634,-12.474709226050576,-12.979194908725518,-13.341301179452126,-13.609718736641707,-13.80593330716725,-13.940085342838124,-14.016166734910692,-14.033782750323752,-13.98822375934743,-13.868940267687995,-13.655056391385136,-13.302404111780962,-12.694690850117777,-11.260804924634936,-11.785986503898174,-13.035378951101725,-13.702254254301028,-14.15323381185257,-14.478945511937859,-14.715219279797495,-14.878742718747569,-14.97720646034999,-15.012837524248434,-14.983407494037742,-14.88163580886644,-14.692504870506394,-14.385766802331695,-13.892257019561308,-12.99202961445812,-9.729756049855045,-13.196047241291417,-14.114460890073437,-14.669464577189702,-15.049380255864898,-15.315798171997415,-15.495671833563987,-15.601974555175099,-15.640357130860208,-15.611476912823713,-15.511327696283596,-15.329859066202337,-15.046649659220572,-14.61848824061037,-13.934283674736655,-12.504065485685206,-12.504065485685206,-13.934283674736655,-14.61848824061037,-15.046649659220572,-15.329859066202337,-15.511327696283596,-15.611476912823713,-15.640357130860208,-15.601974555175099,-15.495671833563987,-15.315798171997415,-15.049380255864898,-14.669464577189702,-14.114460890073437,-13.196047241291417,-9.729756049855045,-12.99202961445812,-13.892257019561308,-14.385766802331695,-14.692504870506394,-14.88163580886644,-14.983407494037742,-15.012837524248434,-14.97720646034999,-14.878742718747569,-14.715219279797495,-14.478945511937859,-14.15323381185257,-13.702254254301028,-13.035378951101725,-11.785986503898174,-11.260804924634936,-12.694690850117777,-13.302404111780962,-13.655056391385136,-13.868940267687995,-13.98822375934743,-14.033782750323752,-14.016166734910692,-13.940085342838124,-13.80593330716725,-13.609718736641707,-13.341301179452126,-12.979194908725518,-12.474709226050576,-11.684854487186634,-9.504492253160198,-11.216639945585083,-12.039221367916799,-12.46381932650399],[-11.04473378535344,-10.66901567793339,-9.940565125216084,-8.42364517339556,-10.356614599043176,-11.057293151771072,-11.505104369274104,-11.826764528640183,-12.065418974806574,-12.240102978852336,-12.359796675338348,-12.428030034234416,-12.444443620841863,-12.404850975494213,-12.299884893376769,-12.111016408663385,-11.799051097273555,-11.260804924634936,-9.989588409205712,-10.456237108179009,-11.565513253063312,-12.158092613481523,-12.559190662952757,-12.849190827967847,-13.05986629319625,-13.206008997519469,-13.29442877067739,-13.327086976388316,-13.301989768204226,-13.21265687257015,-13.045736032186554,-12.774346704138761,-12.337040547205177,-11.538440468606543,-8.641781553093123,-11.721294014581071,-12.537915848819866,-13.031773111185979,-13.370102163419633,-13.60758683813484,-13.768150444409823,-13.863300976966446,-13.898043658317656,-13.872949118921877,-13.784445815773603,-13.623592666209149,-13.372233580976324,-12.991960210719018,-12.384038368023825,-11.113007402302502,-11.113007402302502,-12.384038368023825,-12.991960210719018,-13.372233580976324,-13.623592666209149,-13.784445815773603,-13.872949118921877,-13.898043658317656,-13.863300976966446,-13.768150444409823,-13.60758683813484,-13.370102163419633,-13.031773111185979,-12.537915848819866,-11.721294014581071,-8.641781553093123,-11.538440468606543,-12.337040547205177,-12.774346704138761,-13.045736032186554,-13.21265687257015,-13.301989768204226,-13.327086976388316,-13.29442877067739,-13.206008997519469,-13.05986629319625,-12.849190827967847,-12.559190662952757,-12.158092613481523,-11.565513253063312,-10.456237108179009,-9.989588409205712,-11.260804924634936,-11.799051097273555,-12.111016408663385,-12.299884893376769,-12.404850975494213,-12.444443620841863,-12.428030034234416,-12.359796675338348,-12.2